0.0000000000 0.0000000000 0.0000000000 0.0000000000 0.0000000000 0.0000000000 0.0000000000 1.0000000000
0.1041284000 0.0000000000 0.0000000000 0.0000000000 0.0000000000 0.0000000000 0.0000000000 1.0000000000
0.2082536000 0.0026604547 -0.0162503789 1.3166108938 -0.0007787027 -0.0006505738 0.0003261183 0.9999994303
0.3125038000 -0.0040239039 -0.0281064465 2.6176089376 -0.0005411654 -0.0009463597 0.0007759231 0.9999991036
0.4166248000 -0.0109129335 -0.0573056990 3.9437360747 -0.0002773223 -0.0010473898 0.0016486868 0.9999980599
0.5207548000 -0.0142697065 -0.0703075695 5.2741439762 -0.0001279794 -0.0011076344 0.0016447211 0.9999980186
0.6250036000 -0.0159293288 -0.0911520788 6.5707829632 -0.0005207588 -0.0011763526 0.0021557624 0.9999968418
0.7291284000 -0.0318129848 -0.1173747366 7.9024868854 -0.0012979977 -0.0010104705 0.0028233621 0.9999946648
0.8332524000 -0.0288280220 -0.1359602279 9.2628585277 -0.0014374330 -0.0012882443 0.0026224137 0.9999947020
0.9375057000 -0.0413554300 -0.1553772048 10.5932016243 -0.0005268048 -0.0015797140 0.0022078675 0.9999961819
1.0416300000 -0.0540511178 -0.1800985024 11.9285317606 0.0004629586 -0.0016750191 0.0007823380 0.9999981859
1.1458750000 -0.0703068148 -0.2030892384 13.2853377469 0.0008768160 -0.0016055938 -0.0008893734 0.9999979261
1.2500030000 -0.0819242279 -0.2306779895 14.6224010966 0.0009267913 -0.0015904664 -0.0020799002 0.9999961449
1.3542550000 -0.0921798942 -0.2524884227 15.9760937229 0.0005591828 -0.0015740166 -0.0027044974 0.9999949544
1.4584010000 -0.1004320201 -0.2745680143 17.3235114156 -0.0007297967 -0.0011993728 -0.0014668736 0.9999979335
1.5625260000 -0.1026789819 -0.2869668451 18.6744580789 -0.0012979156 -0.0013700894 0.0003741418 0.9999981460
1.6667540000 -0.1061024249 -0.3058036646 20.0314660682 -0.0001040109 -0.0013300559 0.0014846937 0.9999980200
1.7710070000 -0.1122066861 -0.3351465862 21.4072175498 0.0008110662 -0.0014929450 0.0021736391 0.9999961884
1.8751290000 -0.1217574227 -0.3637495605 22.7492772840 0.0015129508 -0.0010951833 0.0008794174 0.9999978690
1.9793770000 -0.1322350958 -0.3761530192 24.1133563669 0.0008124976 -0.0005575719 -0.0004757804 0.9999993986
2.0835020000 -0.1509692418 -0.4098022914 25.4895901884 -0.0012095867 -0.0001671302 -0.0004591447 0.9999991475
2.1877590000 -0.1409375742 -0.4237700613 26.8746304792 -0.0022347739 -0.0000379061 0.0007357320 0.9999972347
2.2918810000 -0.1416698737 -0.4391572271 28.2389815826 -0.0014570676 0.0000004813 0.0023721262 0.9999961243
2.3961320000 -0.1516490819 -0.4594040190 29.6101059793 -0.0003030264 0.0001790539 0.0025425933 0.9999967045
2.5002570000 -0.1482711493 -0.4900994388 31.0057237110 0.0007183965 0.0002634108 0.0029461487 0.9999953764
2.6043830000 -0.1635773408 -0.5110161280 32.3753998876 0.0011731678 0.0006977307 0.0015073391 0.9999979435
2.7086280000 -0.1587580888 -0.5358384932 33.7516722698 0.0022883041 0.0008034899 0.0011185720 0.9999964282
2.8127570000 -0.1660278082 -0.5598414983 35.1058908121 0.0022001397 0.0009633173 0.0003213373 0.9999970711
2.9168810000 -0.1738210654 -0.5978491110 36.4989309486 0.0013157605 0.0009619127 0.0004366434 0.9999985908
3.0210060000 -0.1866890840 -0.6229411966 37.8810493005 0.0004924513 0.0009710586 -0.0002730110 0.9999993733
3.1252560000 -0.1935526698 -0.6476367899 39.2668008055 0.0002346281 0.0012193361 -0.0016964983 0.9999977854
3.2293790000 -0.2152522639 -0.6760419546 40.6680697804 0.0003399059 0.0016823801 -0.0028536021 0.9999944542
3.3335020000 -0.2116064894 -0.7009987418 42.0799474800 0.0000597632 0.0015872394 -0.0038347299 0.9999913848
3.4376290000 -0.2147850561 -0.7166498390 43.5150553299 0.0003538496 0.0014111996 -0.0045121208 0.9999887595
3.5417540000 -0.2267240763 -0.7429039503 44.9319333841 0.0005161493 0.0015851546 -0.0043204841 0.9999892831
3.6458800000 -0.2362667341 -0.7760366819 46.3295477615 0.0004845950 0.0014151583 -0.0038631167 0.9999914219
3.7500070000 -0.2358514553 -0.8008553052 47.7733960535 0.0003843774 0.0008336412 -0.0036640230 0.9999928699
3.8541310000 -0.2472386982 -0.8282579085 49.1886611698 -0.0002925158 0.0004494868 -0.0036789307 0.9999930920
3.9582760000 -0.2638735162 -0.8527344188 50.6018818531 -0.0001146563 -0.0001418190 -0.0036038121 0.9999934911
4.0623830000 -0.2752101100 -0.8761935350 52.0221864107 -0.0002744475 -0.0006524374 -0.0037748973 0.9999926252
4.1665060000 -0.2937216564 -0.9053301732 53.4399903390 -0.0011082526 -0.0012981799 -0.0036533415 0.9999918756
4.2706330000 -0.3118509216 -0.9129359321 54.8835851920 -0.0010323690 -0.0015578919 -0.0030701828 0.9999935333
4.3747560000 -0.3225897501 -0.9480377632 56.3207496968 -0.0014982811 -0.0019378729 -0.0022762103 0.9999944066
4.4788840000 -0.3396480649 -0.9705235511 57.7522372528 -0.0011614464 -0.0023132702 -0.0009404209 0.9999962003
4.5831320000 -0.3411833209 -0.9980454886 59.1795849065 -0.0016336172 -0.0024802278 -0.0001565043 0.9999955735
4.6872590000 -0.3665310455 -1.0096894105 60.6101549299 -0.0014240371 -0.0019519889 -0.0000812926 0.9999970759
4.7913840000 -0.3708749997 -1.0437715258 62.0341046922 -0.0024698619 -0.0019370170 0.0015847255 0.9999938204
4.8955050000 -0.3791331829 -1.0667367998 63.4376591511 -0.0021208356 -0.0015175524 0.0021686120 0.9999942480
4.9996300000 -0.3953740710 -1.0853368477 64.8659461240 -0.0018631203 -0.0012798720 0.0032231914 0.9999922503
5.1037580000 -0.3998675182 -1.1083552799 66.3223981577 -0.0016337655 -0.0013334377 0.0031211526 0.9999928966
5.2078690000 -0.4087380735 -1.1178761837 67.7342396044 -0.0012771497 -0.0008938900 0.0027395346 0.9999950194
5.3119980000 -0.4282740413 -1.1387054140 69.1471663094 -0.0022174543 -0.0006607388 0.0013306262 0.9999964371
5.4162450000 -0.4497008700 -1.1508946789 70.5495163986 -0.0027651928 -0.0002998362 -0.0000010029 0.9999961381
5.5202440000 -0.4657598569 -1.1550101978 71.9750787016 -0.0026495924 -0.0002117731 -0.0022419275 0.9999939510
5.6245050000 -0.5046008595 -1.1790292599 73.3519607771 -0.0022425822 0.0005508015 -0.0051514803 0.9999840589
5.7286330000 -0.5167697140 -1.2025976858 74.7549356299 -0.0018699893 0.0007008081 -0.0068878478 0.9999742961
5.8326390000 -0.5273335743 -1.2254078647 76.1721170447 -0.0015697030 0.0009932351 -0.0080967204 0.9999655031
5.9367570000 -0.5564912929 -1.2491415760 77.5274474027 -0.0014315361 0.0018480355 -0.0090289122 0.9999565023
6.0408890000 -0.5547421755 -1.2752879441 78.9184186565 -0.0015975130 0.0016936770 -0.0077198355 0.9999674974
6.1450120000 -0.5574130852 -1.3087524017 80.3204541926 -0.0015026683 0.0015037206 -0.0069351251 0.9999736851
6.2490100000 -0.5572541565 -1.3231715338 81.6945351580 -0.0011042195 0.0014770073 -0.0068530267 0.9999748178
6.3531350000 -0.5567572275 -1.3499152267 83.0608236297 -0.0015409036 0.0013759683 -0.0061478911 0.9999789536
6.4572600000 -0.5798193993 -1.3821042156 84.4191976836 -0.0010310927 0.0014569709 -0.0067508748 0.9999756178
6.5613860000 -0.5782296492 -1.3991842985 85.8002216906 -0.0013886726 0.0009467692 -0.0063414889 0.9999784778
6.6655110000 -0.5921253451 -1.4182988268 87.1915492646 -0.0017776414 0.0004740218 -0.0060351826 0.9999800996
6.7696360000 -0.5954554204 -1.4358885691 88.5669018608 -0.0020979619 -0.0000892466 -0.0049969497 0.9999853135
6.8736360000 -0.6063733084 -1.4436338833 89.9567515635 -0.0021183165 -0.0008381205 -0.0040256186 0.9999892962
6.9777590000 -0.6210118934 -1.4788811391 91.3445537298 -0.0022220451 -0.0014653691 -0.0028146313 0.9999925032
7.0818850000 -0.6211426377 -1.4963498873 92.7417164964 -0.0019487805 -0.0019666299 -0.0019555729 0.9999942622
7.1860130000 -0.6380878540 -1.5182094656 94.1200807938 -0.0016671464 -0.0022146702 -0.0012626922 0.9999953632
7.2900110000 -0.6510754814 -1.5522510047 95.4852939675 -0.0015681528 -0.0023711582 -0.0015315679 0.9999947807
7.3941350000 -0.6787134972 -1.5667083712 96.8609622195 -0.0009648307 -0.0023841416 -0.0017146783 0.9999952281
7.4982560000 -0.6950337718 -1.5966839508 98.1966955808 -0.0006569509 -0.0020697222 -0.0022309847 0.9999951502
7.6023860000 -0.7193072139 -1.6194848219 99.5356728536 -0.0011262537 -0.0018178962 -0.0026483198 0.9999942097
7.7063830000 -0.7390988912 -1.6558693922 100.8369123063 -0.0020502738 -0.0015652517 -0.0031478427 0.9999917225
7.8105110000 -0.7554493541 -1.6693435315 102.1967019202 -0.0024487579 -0.0014305430 -0.0038300279 0.9999886426
7.9146320000 -0.7575320121 -1.6878270035 103.5413199642 -0.0017154503 -0.0015199314 -0.0033072146 0.9999919007
8.0187630000 -0.7733586098 -1.7056510208 104.8761810080 -0.0007260042 -0.0014142258 -0.0028776233 0.9999946013
8.1227600000 -0.7833357872 -1.7325048410 106.2091767895 -0.0003395292 -0.0016045242 -0.0022804768 0.9999960584
8.2268830000 -0.7989109674 -1.7571291253 107.5411324981 -0.0010523140 -0.0015012070 -0.0011649168 0.9999976438
8.3310110000 -0.8068239627 -1.7826358862 108.8832985349 -0.0023435063 -0.0012126151 0.0001487436 0.9999965023
8.4351380000 -0.8207614650 -1.8009305570 110.2304289533 -0.0024004721 -0.0007948824 0.0008419676 0.9999964435
8.5392820000 -0.8191607954 -1.8216926715 111.5775184277 -0.0016546115 -0.0005708309 0.0013715102 0.9999975290
8.6433870000 -0.8406512599 -1.8381072756 112.9085513713 0.0000426174 -0.0000990123 -0.0000220075 0.9999999879
8.7475090000 -0.8499462852 -1.8629308222 114.2215190219 0.0010077240 0.0005766888 -0.0011464465 0.9999986638
8.8516350000 -0.8579460232 -1.8906109739 115.5368718671 0.0010205801 0.0011319383 -0.0029144866 0.9999945920
8.9557630000 -0.8563403375 -1.9072946205 116.9024554248 0.0000492828 0.0015357746 -0.0033720287 0.9999931378
9.0598860000 -0.8559289483 -1.9370016317 118.2539335830 -0.0014941226 0.0017756104 -0.0030148940 0.9999927672
9.1640120000 -0.8543290410 -1.9531555249 119.5964700832 -0.0016328034 0.0021079592 -0.0026238880 0.9999930092
9.2681350000 -0.8670645942 -1.9742518459 120.9308893873 -0.0014552397 0.0027096708 -0.0027890685 0.9999913739
9.3722590000 -0.8575506607 -1.9849118576 122.2892426084 -0.0012491067 0.0029699174 -0.0035151520 0.9999886326
9.4763920000 -0.8671158522 -2.0030039613 123.6451422185 -0.0009494433 0.0036126827 -0.0045803495 0.9999825315
9.5805130000 -0.8614225337 -2.0237207184 125.0084995744 -0.0003796251 0.0041261420 -0.0050425424 0.9999786971
9.6846400000 -0.8618150633 -2.0376426682 126.3388005380 0.0002608787 0.0046297780 -0.0055081363 0.9999740927
9.7887840000 -0.8562912171 -2.0661003266 127.7103974152 0.0001709027 0.0052296577 -0.0048854636 0.9999743834
9.8928880000 -0.8493200595 -2.0881990895 129.0625324929 -0.0003554722 0.0057862427 -0.0045091545 0.9999730388
9.9970100000 -0.8508849085 -2.1103476078 130.4213725291 -0.0008365581 0.0062237012 -0.0039489550 0.9999724861
10.1011400000 -0.8386216065 -2.1335989905 131.7736593757 -0.0010439327 0.0064894042 -0.0035650692 0.9999720423
10.2052600000 -0.8182946044 -2.1561693023 133.1094416942 -0.0011382849 0.0065063489 -0.0025401902 0.9999749603
10.3093900000 -0.8338192045 -2.1738338725 134.4602046182 -0.0014470294 0.0067723239 -0.0020062767 0.9999740039
10.4133900000 -0.8179531298 -2.1967961002 135.7890771752 -0.0011570887 0.0064746629 -0.0014463516 0.9999773273
10.5175100000 -0.8129115624 -2.2234328021 137.1355590774 -0.0013684704 0.0059226760 -0.0006995467 0.9999812755
10.6216400000 -0.8046444403 -2.2370202500 138.4695187610 -0.0017335974 0.0054915448 -0.0000706421 0.9999834174
10.7257600000 -0.8040812543 -2.2567182515 139.8193645806 -0.0017211980 0.0050697232 0.0007957946 0.9999853573
10.8298900000 -0.8021726823 -2.2735133659 141.1678311439 -0.0017723959 0.0045684427 0.0008815660 0.9999876159
10.9340200000 -0.8101175111 -2.2924099366 142.5131437596 -0.0014504113 0.0041338800 0.0010405601 0.9999898573
11.0381400000 -0.8130122637 -2.3145310925 143.8468169678 -0.0013014923 0.0036750194 0.0010008925 0.9999919048
11.1422700000 -0.8049167337 -2.3363149090 145.1955409890 -0.0001171291 0.0031437219 0.0022535122 0.9999925128
11.2463900000 -0.8024539834 -2.3571648776 146.5209697387 0.0001892806 0.0027573815 0.0048360299 0.9999844858
11.3505200000 -0.7927538927 -2.3811936750 147.8598556373 -0.0010550305 0.0023647934 0.0088551748 0.9999574374
11.4546400000 -0.7816188031 -2.4050517027 149.1989470060 -0.0018400086 0.0016434711 0.0119805107 0.9999251743
11.5587800000 -0.7809169336 -2.4270785812 150.5500374393 -0.0002664556 0.0010623842 0.0136512168 0.9999062132
11.6630200000 -0.7795371573 -2.4454124734 151.9039679954 0.0013525001 0.0010503511 0.0135934919 0.9999061425
11.7671600000 -0.7919966520 -2.4808856126 153.2699329891 0.0020961181 0.0017675891 0.0120259481 0.9999239260
11.8712600000 -0.8033728175 -2.5109937440 154.5885707739 0.0020896384 0.0020768809 0.0120216822 0.9999233956
11.9753900000 -0.7939522827 -2.5405650516 155.9489382438 0.0003436501 0.0024416917 0.0137810575 0.9999020026
12.0796400000 -0.7827314051 -2.5715371673 157.2782808432 -0.0011258519 0.0025937425 0.0161729420 0.9998652054
12.1837700000 -0.7694016061 -2.5952128820 158.6429572342 -0.0019115702 0.0026478057 0.0182056643 0.9998289246
12.2878900000 -0.7704411022 -2.6119702375 160.0067966615 -0.0018642882 0.0027081216 0.0189264594 0.9998154688
12.3920200000 -0.7699742838 -2.6261454168 161.3682234634 -0.0021172593 0.0030611577 0.0181323241 0.9998286768
12.4962600000 -0.7780736068 -2.6397259798 162.7196808869 -0.0014257183 0.0036229706 0.0160791295 0.9998631534
12.6003900000 -0.7794273496 -2.6558133724 164.0625326071 -0.0001460773 0.0039305896 0.0141665925 0.9998919091
12.7045200000 -0.7834090121 -2.6816121043 165.4183107890 0.0001219806 0.0041552168 0.0128174819 0.9999092127
12.8086400000 -0.7959289155 -2.6968675687 166.7639181497 -0.0002496359 0.0044682756 0.0116118602 0.9999225603
12.9127900000 -0.7950525877 -2.7308467067 168.1292281768 -0.0002000082 0.0043444174 0.0109352780 0.9999307565
13.0168900000 -0.7987635990 -2.7573147904 169.4930954909 0.0008132616 0.0041901411 0.0101343437 0.9999395435
13.1211400000 -0.8032680620 -2.7824613157 170.8502047058 0.0022407821 0.0040957925 0.0081698434 0.9999557274
13.2252700000 -0.8068121516 -2.8151356437 172.2318061204 0.0027192151 0.0041435417 0.0057403254 0.9999712444
13.3293900000 -0.8227280228 -2.8430848845 173.5929939689 0.0022258048 0.0046877838 0.0030470994 0.9999818904
13.4335200000 -0.8214476059 -2.8705695962 174.9754145908 0.0013210957 0.0050341139 0.0017282965 0.9999849606
13.5376400000 -0.8213523610 -2.8982919865 176.3487183727 0.0003702064 0.0052037953 0.0006976316 0.9999861548
13.6417700000 -0.8184892208 -2.9226224418 177.7361374531 -0.0001319992 0.0049533148 0.0022080883 0.9999852715
13.7459100000 -0.8000473309 -2.9546201779 179.1455905849 -0.0004121754 0.0040288491 0.0035898655 0.9999853516
13.8500200000 -0.7899581255 -2.9850953158 180.5557067157 0.0015993455 0.0030326078 0.0041926412 0.9999853223
13.9541500000 -0.7881204284 -3.0115960209 181.9534476201 0.0038811428 0.0020766985 0.0029772864 0.9999858786
14.0584000000 -0.7939056754 -3.0500389856 183.3785168505 0.0044738948 0.0017502370 0.0003869502 0.9999883791
14.1625200000 -0.7907716838 -3.0837829124 184.8241507526 0.0039902058 0.0011502918 -0.0010057200 0.9999908780
14.2666400000 -0.8112544818 -3.1135335397 186.2409829738 0.0025166834 0.0012280460 -0.0023558460 0.9999932988
14.3707700000 -0.8276483109 -3.1407537652 187.6697572765 0.0017550992 0.0011654662 -0.0028950254 0.9999935876
14.4748900000 -0.8374318133 -3.1713145626 189.0957091715 0.0012813090 0.0010513801 -0.0023604939 0.9999958383
14.5790100000 -0.8358682639 -3.2064014915 190.5349142540 0.0008125880 0.0006936799 -0.0016742633 0.9999980223
14.6831400000 -0.8324113517 -3.2240265713 191.9719888700 0.0006352833 0.0005158650 -0.0002128374 0.9999996352
14.7872900000 -0.8535582904 -3.2417183724 193.3990978838 0.0007495194 0.0006181136 0.0012096642 0.9999987999
14.8913900000 -0.8466370265 -3.2682294277 194.8449334848 0.0000345694 0.0003884050 0.0027186782 0.9999962267
14.9955200000 -0.8369129824 -3.2868572600 196.2797632103 -0.0006800096 0.0002409326 0.0049266308 0.9999875981
15.0996400000 -0.8363733823 -3.3078490575 197.7209913081 -0.0005699319 0.0003989828 0.0062693590 0.9999801040
15.2037900000 -0.8542830424 -3.3332566385 199.1565720021 0.0017378402 0.0006384628 0.0050578276 0.9999854894
15.3080200000 -0.8602398201 -3.3595325914 200.5754089245 0.0043044556 0.0009809142 0.0015233823 0.9999890964
15.4121400000 -0.9055955861 -3.3995809294 201.9980056634 0.0043012706 0.0019775879 -0.0030396873 0.9999841734
15.5162700000 -0.9159249744 -3.4309814597 203.4551486164 0.0026284960 0.0023444064 -0.0068783530 0.9999701445
15.6203900000 -0.9293587480 -3.4645392695 204.9086815697 0.0014565585 0.0027165518 -0.0074210520 0.9999677171
15.7245200000 -0.9266934651 -3.4863569115 206.3674250209 0.0015479403 0.0023305877 -0.0065313314 0.9999747637
15.8286400000 -0.9315506352 -3.5184310638 207.8282041910 0.0014606886 0.0018508568 -0.0048407580 0.9999855065
15.9326500000 -0.9364958259 -3.5331495051 209.2631540148 0.0020881625 0.0017149954 -0.0044858883 0.9999862841
16.0367700000 -0.9191834361 -3.5659291113 210.7364849359 0.0022111534 0.0009382759 -0.0042503457 0.9999880859
16.1409000000 -0.9252613298 -3.6009857569 212.1770603781 0.0020020943 0.0010992643 -0.0046937447 0.9999863716
16.2450200000 -0.9360797485 -3.6280291666 213.6374236190 0.0014582202 0.0013341625 -0.0054055433 0.9999834437
16.3491400000 -0.9374164186 -3.6575534363 215.1092979201 0.0019582242 0.0011706302 -0.0051963846 0.9999839006
16.4532700000 -0.9417845595 -3.6938223557 216.5686038384 0.0023487183 0.0011026387 -0.0050377837 0.9999839369
16.5573900000 -0.9414102139 -3.7170214038 218.0475589016 0.0024262810 0.0009310548 -0.0044460094 0.9999867412
16.6615200000 -0.9497561699 -3.7539507041 219.5284946788 0.0023049358 0.0008320779 -0.0047037911 0.9999859433
16.7656500000 -0.9757035689 -3.7730864836 220.9891077185 0.0026379595 0.0011992390 -0.0054465657 0.9999809740
16.8696500000 -0.9593953104 -3.8056665537 222.4821513224 0.0024622602 0.0009550288 -0.0050770550 0.9999836249
16.9737700000 -0.9597696323 -3.8314302428 223.9906811223 0.0028418996 0.0007119150 -0.0057529766 0.9999791666
17.0778900000 -0.9564854239 -3.8657713226 225.5133440907 0.0028927988 0.0004014432 -0.0053198602 0.9999815873
17.1820300000 -0.9687640656 -3.8955191968 227.0212104755 0.0029679575 0.0002275411 -0.0057469209 0.9999790557
17.2861400000 -0.9784312871 -3.9267038077 228.5371518744 0.0030439512 0.0001591674 -0.0053418579 0.9999810830
17.3902700000 -0.9964745062 -3.9612965934 230.0269062779 0.0030369899 0.0003252891 -0.0045477271 0.9999849944
17.4944000000 -1.0080459562 -4.0005239322 231.5205187507 0.0027984684 0.0004566144 -0.0039673109 0.9999881116
17.5984200000 -1.0002417866 -4.0308382352 233.0318923857 0.0024596668 0.0003964887 -0.0032254305 0.9999916893
17.7025200000 -1.0172769674 -4.0699151164 234.5425416398 0.0021950998 0.0004636745 -0.0031064566 0.9999926627
17.8066400000 -1.0239395128 -4.0972177471 236.0623688518 0.0023953633 0.0005099090 -0.0033629953 0.9999913426
17.9106500000 -1.0350173488 -4.1384851728 237.5741447871 0.0025057860 0.0007556250 -0.0034348268 0.9999906801
18.0147700000 -1.0490432422 -4.1657142766 239.0966460158 0.0023035010 0.0011196670 -0.0042223345 0.9999878012
18.1189000000 -1.0580563022 -4.1905787257 240.6207389422 0.0015012741 0.0014073944 -0.0043916873 0.9999882354
18.2230200000 -1.0719725246 -4.2259049489 242.1481309542 0.0011792079 0.0018044057 -0.0043078706 0.9999884038
18.3270200000 -1.0684191998 -4.2595655820 243.6639603148 0.0019620617 0.0019721452 -0.0043047323 0.9999868655
18.4311500000 -1.0693504213 -4.2873107639 245.1935846926 0.0027430593 0.0022563837 -0.0043594107 0.9999841899
18.5353600000 -1.0797769704 -4.3223912739 246.7273346398 0.0024387937 0.0024756165 -0.0048231626 0.9999823259
18.6394200000 -1.0777311434 -4.3524953470 248.2677503720 0.0019648795 0.0022482364 -0.0047032285 0.9999844763
18.7434800000 -1.0779602928 -4.3795180530 249.8051932891 0.0019233396 0.0022335928 -0.0047119908 0.9999845688
18.8475400000 -1.0760630882 -4.4055259061 251.3448107715 0.0020308240 0.0019795680 -0.0049700304 0.9999836321
18.9516500000 -1.0668502671 -4.4450383986 252.8920492907 0.0017223431 0.0016072510 -0.0056824688 0.9999810767
19.0556500000 -1.0969252568 -4.4712969682 254.4255255334 0.0018115535 0.0021628500 -0.0061651197 0.9999770090
19.1596500000 -1.0916846769 -4.5040771949 255.9950438090 0.0015899369 0.0019173857 -0.0062864066 0.9999771349
19.2637700000 -1.0945431919 -4.5425534050 257.5381974870 0.0012770426 0.0019793321 -0.0054536935 0.9999823515
19.3678700000 -1.1042138716 -4.5574329884 259.0793949794 0.0014829414 0.0019978303 -0.0046798044 0.9999859607
19.4717800000 -1.1130167973 -4.5943373153 260.6303214991 0.0009988798 0.0025769234 -0.0037128069 0.9999892906
19.5759000000 -1.1124931968 -4.6200211457 262.1802278068 0.0015156938 0.0024196179 -0.0030675143 0.9999912152
19.6799100000 -1.0995353415 -4.6509263092 263.7205510028 0.0020440271 0.0017631183 -0.0024692391 0.9999933068
19.7840200000 -1.1027630009 -4.6842540018 265.2520227529 0.0012417408 0.0019836722 -0.0017259668 0.9999957761
19.8880700000 -1.1198148012 -4.7091475618 266.7973036809 0.0005911252 0.0022233595 -0.0006067896 0.9999971703
19.9921300000 -1.1228937298 -4.7477244497 268.3395268267 0.0007397202 0.0020140095 -0.0002142090 0.9999976753
20.0961500000 -1.1050477991 -4.7831407842 269.9077683987 0.0011861372 0.0019552772 -0.0004085793 0.9999973001
20.2001500000 -1.1087633535 -4.8055616352 271.4650704422 0.0018251333 0.0021705784 -0.0007955788 0.9999956608
20.3042700000 -1.1123112313 -4.8469951623 273.0115434966 0.0014893065 0.0024920198 -0.0013591687 0.9999948654
20.4082700000 -1.1160954945 -4.8748230206 274.5352776379 0.0019586462 0.0026566008 -0.0023335764 0.9999918189
20.5123100000 -1.1081881853 -4.9037543710 276.0970891845 0.0021771792 0.0025216653 -0.0027292816 0.9999907206
20.6164000000 -1.1014288809 -4.9327646364 277.6302054852 0.0024638500 0.0028067715 -0.0030493339 0.9999883759
20.7204200000 -1.1019601192 -4.9755724734 279.1460427401 0.0026264120 0.0031962644 -0.0031165675 0.9999865838
20.8245200000 -1.0849489096 -5.0079761751 280.7366245962 0.0029027513 0.0028461106 -0.0028803976 0.9999875896
20.9286900000 -1.0897253102 -5.0533375024 282.2871598626 0.0025348132 0.0035194457 -0.0023231438 0.9999878909
21.0327800000 -1.0617407314 -5.0881039952 283.8577381593 0.0020436901 0.0033411893 -0.0017288046 0.9999908352
21.1367800000 -1.0642459927 -5.1157542757 285.3754170370 0.0020051026 0.0038192062 -0.0016014397 0.9999894084
21.2408800000 -1.0368102240 -5.1657416883 286.9222741634 0.0027566707 0.0032240387 -0.0009571044 0.9999905525
21.3449200000 -1.0196315600 -5.2021146199 288.4652490547 0.0036858915 0.0030404039 0.0001137028 0.9999885714
21.4489000000 -1.0045247281 -5.2517123492 290.0229010077 0.0033833517 0.0025604384 0.0001665993 0.9999909845
21.5529000000 -1.0244645409 -5.2723104567 291.6011215312 0.0037059424 0.0025042394 0.0006728319 0.9999897642
21.6570200000 -1.0264061330 -5.3097864359 293.1794082494 0.0040566876 0.0019675788 0.0006419410 0.9999896310
21.7610200000 -1.0113090263 -5.3453988476 294.7543808073 0.0041666028 0.0012931211 0.0008130625 0.9999901558
21.8650300000 -1.0108514861 -5.3743543879 296.3755658707 0.0041530286 0.0008614385 0.0010094224 0.9999904982
21.9691500000 -1.0031598397 -5.4175111120 297.9825794704 0.0042640516 0.0000413074 0.0011280674 0.9999902740
22.0731700000 -1.0132697344 -5.4571143852 299.5538151275 0.0037543806 -0.0006214076 0.0012182543 0.9999920213
22.1771500000 -1.0110826460 -5.5075386999 301.1420535448 0.0030449592 -0.0013146717 0.0002308461 0.9999944749
22.2811500000 -1.0236384910 -5.5407856807 302.7330889735 0.0033852893 -0.0008925510 0.0001683790 0.9999938541
22.3852700000 -1.0190970638 -5.5782143394 304.3372323744 0.0035674758 -0.0004548187 0.0000085104 0.9999935333
22.4892700000 -1.0151302056 -5.6029954813 305.9686299293 0.0035885735 -0.0000990755 0.0010054406 0.9999930453
22.5932800000 -1.0095578123 -5.6239232614 307.5910038852 0.0041800063 0.0000900192 0.0019956960 0.9999892654
22.6974200000 -0.9918668297 -5.6612023579 309.2002426217 0.0051606740 0.0003792209 0.0025936685 0.9999832453
22.8014000000 -0.9860948352 -5.7010418765 310.8023819030 0.0056334325 0.0003249774 0.0026147496 0.9999806634
22.9054000000 -0.9968081336 -5.7411968446 312.4145995184 0.0061233522 -0.0006334451 0.0020184922 0.9999790096
23.0094000000 -0.9946204082 -5.7821870243 314.0495196164 0.0057951877 -0.0018518783 0.0013992713 0.9999805189
23.1134900000 -0.9958058120 -5.8203307202 315.6796350956 0.0041317971 -0.0021046274 0.0009487187 0.9999888043
23.2174200000 -1.0014095111 -5.8615822692 317.3057793007 0.0024330719 -0.0018653404 0.0017894867 0.9999937016
23.3214000000 -1.0065439170 -5.8917175147 318.9475283713 0.0021779798 -0.0018849487 0.0021816511 0.9999934705
23.4254000000 -1.0130972081 -5.9271732685 320.5794140584 0.0026603944 -0.0018969430 0.0027963354 0.9999907505
23.5295500000 -1.0142802593 -5.9655632979 322.2229290082 0.0026515734 -0.0018102816 0.0034570814 0.9999888717
23.6335500000 -1.0306556935 -5.9924251124 323.8646127999 0.0026994914 -0.0016546470 0.0035140537 0.9999888170
23.7375300000 -1.0406201494 -6.0301311968 325.4882464273 0.0026677210 -0.0012363463 0.0030507909 0.9999910178
23.8416600000 -1.0504076806 -6.0596381266 327.1197568953 0.0032727424 -0.0010002261 0.0021296807 0.9999918743
23.9456500000 -1.0498680592 -6.0963992256 328.7575850480 0.0035836087 -0.0006926675 0.0018476943 0.9999916384
24.0496500000 -1.0513332275 -6.1468619905 330.3817919424 0.0023355292 -0.0003151063 0.0025934371 0.9999938594
24.1536700000 -1.0599684493 -6.1723746349 332.0123594634 0.0020801929 -0.0001364006 0.0028432204 0.9999937841
24.2577800000 -1.0642095161 -6.2088349761 333.6390465495 0.0028719879 -0.0001018679 0.0030561726 0.9999912077
24.3617800000 -1.0656557235 -6.2472932980 335.2521350090 0.0027135231 -0.0000036953 0.0024218217 0.9999933877
24.4657800000 -1.0785591172 -6.2889252845 336.8606946063 0.0037797247 0.0000678614 0.0014952290 0.9999917435
24.5697800000 -1.0883522163 -6.3273001625 338.4760782818 0.0052870699 -0.0000820174 0.0006439872 0.9999858113
24.6739000000 -1.0983986107 -6.3697599026 340.0835552079 0.0052550960 -0.0002450290 -0.0004508272 0.9999860532
24.7779000000 -1.1104746785 -6.4093300222 341.6769997109 0.0034749459 -0.0004121267 -0.0009538513 0.9999934090
24.8820300000 -1.1270709888 -6.4551321912 343.2735997685 0.0017717950 -0.0005556526 -0.0012587363 0.9999974933
24.9860200000 -1.1372285496 -6.4882728748 344.8900643497 0.0025636722 -0.0009484766 -0.0016400835 0.9999949194
25.0901700000 -1.1473356473 -6.5279442486 346.4918720827 0.0032177394 -0.0017595613 -0.0013078271 0.9999924243
25.1941500000 -1.1661757718 -6.5591191127 348.0805415102 0.0025542705 -0.0024061261 -0.0006984037 0.9999936134
25.2982800000 -1.1856080140 -6.6022364553 349.6985808600 0.0022211943 -0.0028540846 0.0002150516 0.9999934307
25.4024000000 -1.1949992520 -6.6470282766 351.3200015791 0.0026053975 -0.0034767058 0.0002337546 0.9999905320
25.5065300000 -1.2195105364 -6.6768023615 352.9286343523 0.0033100193 -0.0035111177 0.0007084816 0.9999880975
25.6105400000 -1.2420543091 -6.7117925349 354.5284848933 0.0034335978 -0.0036057790 0.0007002789 0.9999873619
25.7146500000 -1.2696809379 -6.7518614929 356.1360512842 0.0034439562 -0.0035660806 0.0010862235 0.9999871094
25.8186500000 -1.2847781994 -6.7953759870 357.7421916173 0.0037944535 -0.0038166353 0.0013480565 0.9999846109
25.9227800000 -1.3067747792 -6.8360334337 359.3420065488 0.0041289711 -0.0037736710 0.0015796294 0.9999831136
26.0269800000 -1.3286237833 -6.8789846007 360.9313241400 0.0038885645 -0.0037314028 0.0020649095 0.9999833512
26.1309000000 -1.3471658990 -6.9238167554 362.5175536041 0.0043097654 -0.0036343302 0.0014655290 0.9999830421
26.2350500000 -1.3648236427 -6.9668633342 364.0978217011 0.0048893617 -0.0037067617 0.0022718076 0.9999785908
26.3391500000 -1.3859712842 -7.0039770910 365.7054755630 0.0042936367 -0.0035414223 0.0029483248 0.9999801562
26.4432900000 -1.3818960435 -7.0450280242 367.3040631853 0.0037130591 -0.0043802262 0.0041071765 0.9999750723
26.5478000000 -1.4110740462 -7.0803853853 368.9169549560 0.0044719975 -0.0041397285 0.0040843320 0.9999730933
26.6514100000 -1.4146467525 -7.1189519983 370.5458399694 0.0049522476 -0.0040197590 0.0033424893 0.9999740722
26.7579300000 -1.4497506451 -7.1615670615 372.1447158982 0.0044595896 -0.0036229756 0.0023907502 0.9999806343
26.8625800000 -1.4778511043 -7.1991057434 373.7242446829 0.0041167740 -0.0030342300 0.0016377314 0.9999855877
26.9636600000 -1.4964465828 -7.2380477536 375.3290602994 0.0043999770 -0.0027712950 0.0015300186 0.9999853042
27.0678200000 -1.5098370041 -7.2737114279 376.9072935404 0.0050015773 -0.0029096140 0.0013198685 0.9999823968
27.1719200000 -1.5138313488 -7.3184849901 378.5298983870 0.0050018464 -0.0033619809 0.0018089507 0.9999802098
27.2760600000 -1.5216679895 -7.3692604172 380.1529391333 0.0046124555 -0.0033248642 0.0017198574 0.9999823554
27.3801400000 -1.5352138849 -7.3997954806 381.7742684811 0.0050133008 -0.0032749992 0.0010362951 0.9999815297
27.4847000000 -1.5649152186 -7.4428398004 383.4022362752 0.0046180285 -0.0028377745 0.0003480427 0.9999852518
27.5884100000 -1.5835582668 -7.4725067366 385.0251201525 0.0056676071 -0.0027516176 -0.0006611920 0.9999799413
27.6925300000 -1.6014160920 -7.5138110762 386.6532104158 0.0063064386 -0.0027824145 -0.0017807809 0.9999746624
27.7965400000 -1.6154051414 -7.5663510212 388.2409853308 0.0060274596 -0.0027087320 -0.0020954488 0.9999759843
27.9006700000 -1.6376171424 -7.6129090604 389.8456972027 0.0057368590 -0.0026566929 -0.0028537473 0.9999759367
28.0052300000 -1.6570463652 -7.6597410729 391.4378511120 0.0055690170 -0.0025953251 -0.0031542405 0.9999761576
28.1089400000 -1.6862603896 -7.7067289403 393.0524916480 0.0057507099 -0.0020996992 -0.0041373206 0.9999727017
0.0000000000 -1.6957268005 -7.7476375610 394.7088026368 0.0055606437 -0.0022361188 -0.0037288595 0.9999750816
